version	min	1%	5%	10%	25%	50%	75%	90%	95%	99%	max
android-1.6_r1.2	0	0	0	0	0	0	3	12	26	137	1820
android-1.6_r1.5	0	0	0	0	0	0	3	12	26	137	1820
android-2.0_r1	0	0	0	0	0	0	3	11	25	139	1953
android-2.1_r2.1p2	0	0	0	0	0	0	3	11	25	139,41	1970
android-2.2_r1	0	0	0	0	0	0	3	12	25,4499999999998	132,98	2027
android-2.2.3_r2	0	0	0	0	0	0	3	12	26	132,860000000001	2028
android-2.3_r1	0	0	0	0	0	0	3	11	25	114,08	2052
android-2.3.7_r1	0	0	0	0	0	0	3	11	25	115,219999999999	2070
android-4.0.1_r1	0	0	0	0	0	0	3	11	24	122	2681
android-4.0.4_r2.1	0	0	0	0	0	0	3	11	24	121,5	2711
