version	min	1%	5%	10%	25%	50%	75%	90%	95%	99%	max
android-1.6_r1.2	0	0	0	0	0	2	5	13	22	59	241
android-1.6_r1.5	0	0	0	0	0	2	5	13	21,8000000000002	59	241
android-2.0_r1	0	0	0	0	0	2	5	13	22	62	241
android-2.1_r2.1p2	0	0	0	0	0	2	5,25	13	22	62	241
android-2.2_r1	0	0	0	0	0	2	5	12	22	57	302
android-2.2.3_r2	0	0	0	0	0	2	5	12	22	57	302
android-2.3_r1	0	0	0	0	0	2	5	12	21,3999999999996	54	302
android-2.3.7_r1	0	0	0	0	0	2	5	12	21	53,6099999999997	302
android-4.0.1_r1	0	0	0	0	0	2	5	13	21	57	302
android-4.0.4_r2.1	0	0	0	0	0	2	5	13	21	56,5	302
