version	min	1%	5%	10%	25%	50%	75%	90%	95%	99%	max
android-1.6_r1.2	0	0	0	0	0	0	1	5	10	32,5600000000004	237
android-1.6_r1.5	0	0	0	0	0	0	1	5	10	32,5600000000004	237
android-2.0_r1	0	0	0	0	0	0	1	5	10	34	237
android-2.1_r2.1p2	0	0	0	0	0	0	1	5	10	34	237
android-2.2_r1	0	0	0	0	0	0	1	5	10	34	302
android-2.2.3_r2	0	0	0	0	0	0	1	5	10	34	302
android-2.3_r1	0	0	0	0	0	0	2	6	11	35	302
android-2.3.7_r1	0	0	0	0	0	0	2	6	11	35	302
android-4.0.1_r1	0	0	0	0	0	0	2	6	11	35	302
android-4.0.4_r2.1	0	0	0	0	0	0	2	6	11	34,5	302
