version	min	1%	5%	10%	25%	50%	75%	90%	95%	99%	max
android-1.6_r1.2	0	0	0	0	1	3	7	16	26	64	261
android-1.6_r1.5	0	0	0	0	1	3	7	16	26	64	261
android-2.0_r1	0	0	0	0	1	3	7	16	25	64	261
android-2.1_r2.1p2	0	0	0	0	1	3	7	16	25	64,8199999999997	261
android-2.2_r1	0	0	0	0	1	2	6	15	24	63	268
android-2.2.3_r2	0	0	0	0	1	2	6	15	24	63	268
android-2.3_r1	0	0	0	0	0	2	6	13	22	59,0799999999999	268
android-2.3.7_r1	0	0	0	0	0	2	6	13	22	59	268
android-4.0.1_r1	0	0	0	0	0	2	5	13	22	56	339
android-4.0.4_r2.1	0	0	0	0	0	2	5	13	22	56	341
